 0.1000E+03 0.2154E+03 0.4642E+03 0.1000E+04 0.2154E+04 0.4642E+04 
 0.1000E-03 0.9074E-04 0.9073E-04 0.9074E-04 0.9074E-04 0.9073E-04 0.9073E-04 
 0.1585E-03 0.1438E-03 0.1438E-03 0.1438E-03 0.1438E-03 0.1438E-03 0.1438E-03 
 0.2512E-03 0.2279E-03 0.2279E-03 0.2279E-03 0.2279E-03 0.2278E-03 0.2278E-03 
 0.3981E-03 0.3610E-03 0.3610E-03 0.3610E-03 0.3610E-03 0.3610E-03 0.3608E-03 
 0.6310E-03 0.5720E-03 0.5720E-03 0.5720E-03 0.5719E-03 0.5719E-03 0.5668E-03 
 0.1000E-02 0.9059E-03 0.9059E-03 0.9059E-03 0.9058E-03 0.9044E-03 0.8761E-03 
 0.1585E-02 0.1434E-02 0.1434E-02 0.1434E-02 0.1434E-02 0.1412E-02 0.1343E-02 
 0.2512E-02 0.2270E-02 0.2270E-02 0.2269E-02 0.2260E-02 0.2172E-02 0.2060E-02 
 0.3981E-02 0.3588E-02 0.3588E-02 0.3586E-02 0.3503E-02 0.3324E-02 0.3172E-02 
 0.6310E-02 0.5664E-02 0.5663E-02 0.5613E-02 0.5363E-02 0.5093E-02 0.4904E-02 
 0.1000E-01 0.8919E-02 0.8905E-02 0.8627E-02 0.8178E-02 0.7828E-02 0.7599E-02 
 0.1585E-01 0.1399E-01 0.1378E-01 0.1311E-01 0.1248E-01 0.1205E-01 0.1177E-01 
 0.2512E-01 0.2173E-01 0.2089E-01 0.1982E-01 0.1903E-01 0.1852E-01 0.1814E-01 
 0.3981E-01 0.3292E-01 0.3125E-01 0.2984E-01 0.2891E-01 0.2828E-01 0.2771E-01 
 0.6310E-01 0.4857E-01 0.4617E-01 0.4451E-01 0.4343E-01 0.4259E-01 0.4164E-01 
 0.1000E+00 0.6981E-01 0.6693E-01 0.6510E-01 0.6383E-01 0.6261E-01 0.6089E-01 
 0.1585E+00 0.9670E-01 0.9370E-01 0.9179E-01 0.9027E-01 0.8837E-01 0.8520E-01 
 0.2512E+00 0.1257E+00 0.1230E+00 0.1213E+00 0.1195E+00 0.1166E+00 0.1111E+00 
 0.3981E+00 0.1454E+00 0.1441E+00 0.1432E+00 0.1415E+00 0.1375E+00 0.1295E+00 
 0.6310E+00 0.1390E+00 0.1406E+00 0.1419E+00 0.1417E+00 0.1386E+00 0.1306E+00 
 0.9800E+00 0.1349E+00 0.1402E+00 0.1447E+00 0.1473E+00 0.1462E+00 0.1395E+00 
 0.1000E+05 0.2154E+05 0.4642E+05 0.1000E+06 0.2154E+06 0.4642E+06 
 0.1000E-03 0.9072E-04 0.9058E-04 0.8775E-04 0.8316E-04 0.7959E-04 0.7725E-04 
 0.1585E-03 0.1438E-03 0.1416E-03 0.1346E-03 0.1281E-03 0.1237E-03 0.1207E-03 
 0.2512E-03 0.2269E-03 0.2181E-03 0.2068E-03 0.1985E-03 0.1931E-03 0.1890E-03 
 0.3981E-03 0.3525E-03 0.3344E-03 0.3191E-03 0.3089E-03 0.3019E-03 0.2956E-03 
 0.6310E-03 0.5415E-03 0.5142E-03 0.4951E-03 0.4824E-03 0.4724E-03 0.4612E-03 
 0.1000E-02 0.8304E-03 0.7947E-03 0.7713E-03 0.7545E-03 0.7382E-03 0.7160E-03 
 0.1585E-02 0.1278E-02 0.1234E-02 0.1205E-02 0.1180E-02 0.1150E-02 0.1103E-02 
 0.2512E-02 0.1977E-02 0.1923E-02 0.1883E-02 0.1840E-02 0.1780E-02 0.1679E-02 
 0.3981E-02 0.3071E-02 0.3001E-02 0.2939E-02 0.2858E-02 0.2728E-02 0.2513E-02 
 0.6310E-02 0.4779E-02 0.4681E-02 0.4570E-02 0.4403E-02 0.4124E-02 0.3678E-02 
 0.1000E-01 0.7435E-02 0.7276E-02 0.7059E-02 0.6701E-02 0.6113E-02 0.5239E-02 
 0.1585E-01 0.1153E-01 0.1124E-01 0.1078E-01 0.1002E-01 0.8832E-02 0.7233E-02 
 0.2512E-01 0.1774E-01 0.1717E-01 0.1620E-01 0.1463E-01 0.1237E-01 0.9654E-02 
 0.3981E-01 0.2697E-01 0.2577E-01 0.2377E-01 0.2070E-01 0.1670E-01 0.1246E-01 
 0.6310E-01 0.4018E-01 0.3771E-01 0.3373E-01 0.2815E-01 0.2169E-01 0.1555E-01 
 0.1000E+00 0.5799E-01 0.5310E-01 0.4576E-01 0.3653E-01 0.2700E-01 0.1878E-01 
 0.1585E+00 0.7967E-01 0.7078E-01 0.5860E-01 0.4488E-01 0.3211E-01 0.2191E-01 
 0.2512E+00 0.1016E+00 0.8735E-01 0.6972E-01 0.5175E-01 0.3629E-01 0.2456E-01 
 0.3981E+00 0.1161E+00 0.9731E-01 0.7588E-01 0.5547E-01 0.3868E-01 0.2616E-01 
 0.6310E+00 0.1167E+00 0.9760E-01 0.7615E-01 0.5590E-01 0.3917E-01 0.2654E-01 
 0.9800E+00 0.1256E+00 0.1055E+00 0.8232E-01 0.6024E-01 0.4195E-01 0.2816E-01 
 0.1000E+07 0.2154E+07 0.4642E+07 0.1000E+08 0.2154E+08 0.4642E+08 
 0.1000E-03 0.7556E-04 0.7393E-04 0.7171E-04 0.6806E-04 0.6206E-04 0.5316E-04 
 0.1585E-03 0.1182E-03 0.1152E-03 0.1105E-03 0.1027E-03 0.9042E-04 0.7397E-04 
 0.2512E-03 0.1847E-03 0.1786E-03 0.1684E-03 0.1520E-03 0.1283E-03 0.9991E-04 
 0.3981E-03 0.2874E-03 0.2744E-03 0.2526E-03 0.2195E-03 0.1767E-03 0.1313E-03 
 0.6310E-03 0.4443E-03 0.4160E-03 0.3710E-03 0.3083E-03 0.2363E-03 0.1684E-03 
 0.1000E-02 0.6796E-03 0.6197E-03 0.5309E-03 0.4204E-03 0.3078E-03 0.2120E-03 
 0.1585E-02 0.1025E-02 0.9023E-03 0.7382E-03 0.5570E-03 0.3920E-03 0.2635E-03 
 0.2512E-02 0.1514E-02 0.1278E-02 0.9961E-03 0.7192E-03 0.4909E-03 0.3247E-03 
 0.3981E-02 0.2183E-02 0.1758E-02 0.1306E-02 0.9094E-03 0.6076E-03 0.3979E-03 
 0.6310E-02 0.3058E-02 0.2345E-02 0.1672E-02 0.1132E-02 0.7462E-03 0.4852E-03 
 0.1000E-01 0.4152E-02 0.3042E-02 0.2097E-02 0.1394E-02 0.9111E-03 0.5891E-03 
 0.1585E-01 0.5464E-02 0.3851E-02 0.2592E-02 0.1703E-02 0.1106E-02 0.7113E-03 
 0.2512E-01 0.6985E-02 0.4778E-02 0.3166E-02 0.2065E-02 0.1334E-02 0.8534E-03 
 0.3981E-01 0.8700E-02 0.5830E-02 0.3827E-02 0.2483E-02 0.1595E-02 0.1015E-02 
 0.6310E-01 0.1058E-01 0.7007E-02 0.4570E-02 0.2950E-02 0.1886E-02 0.1194E-02 
 0.1000E+00 0.1259E-01 0.8271E-02 0.5369E-02 0.3449E-02 0.2193E-02 0.1382E-02 
 0.1585E+00 0.1457E-01 0.9530E-02 0.6160E-02 0.3938E-02 0.2491E-02 0.1562E-02 
 0.2512E+00 0.1626E-01 0.1060E-01 0.6825E-02 0.4342E-02 0.2734E-02 0.1705E-02 
 0.3981E+00 0.1730E-01 0.1125E-01 0.7205E-02 0.4560E-02 0.2856E-02 0.1774E-02 
 0.6310E+00 0.1752E-01 0.1134E-01 0.7226E-02 0.4546E-02 0.2832E-02 0.1751E-02 
 0.9800E+00 0.1841E-01 0.1180E-01 0.7447E-02 0.4647E-02 0.2875E-02 0.1767E-02 
 0.1000E+09 0.2154E+09 0.4642E+09 0.1000E+10 0.2154E+10 0.4642E+10 
 0.1000E-03 0.4209E-04 0.3082E-04 0.2123E-04 0.1410E-04 0.9207E-05 0.5950E-05 
 0.1585E-03 0.5581E-04 0.3927E-04 0.2639E-04 0.1733E-04 0.1124E-04 0.7227E-05 
 0.2512E-03 0.7213E-04 0.4922E-04 0.3256E-04 0.2121E-04 0.1368E-04 0.8748E-05 
 0.3981E-03 0.9134E-04 0.6101E-04 0.3994E-04 0.2586E-04 0.1660E-04 0.1056E-04 
 0.6310E-03 0.1140E-03 0.7509E-04 0.4881E-04 0.3144E-04 0.2007E-04 0.1270E-04 
 0.1000E-02 0.1409E-03 0.9198E-04 0.5945E-04 0.3808E-04 0.2418E-04 0.1522E-04 
 0.1585E-02 0.1730E-03 0.1122E-03 0.7216E-04 0.4599E-04 0.2905E-04 0.1819E-04 
 0.2512E-02 0.2116E-03 0.1365E-03 0.8729E-04 0.5533E-04 0.3478E-04 0.2167E-04 
 0.3981E-02 0.2576E-03 0.1654E-03 0.1052E-03 0.6634E-04 0.4148E-04 0.2574E-04 
 0.6310E-02 0.3125E-03 0.1995E-03 0.1263E-03 0.7923E-04 0.4931E-04 0.3048E-04 
 0.1000E-01 0.3774E-03 0.2397E-03 0.1509E-03 0.9422E-04 0.5839E-04 0.3596E-04 
 0.1585E-01 0.4534E-03 0.2864E-03 0.1794E-03 0.1115E-03 0.6884E-04 0.4227E-04 
 0.2512E-01 0.5411E-03 0.3402E-03 0.2121E-03 0.1312E-03 0.8074E-04 0.4944E-04 
 0.3981E-01 0.6405E-03 0.4006E-03 0.2486E-03 0.1533E-03 0.9404E-04 0.5743E-04 
 0.6310E-01 0.7495E-03 0.4666E-03 0.2884E-03 0.1773E-03 0.1085E-03 0.6614E-04 
 0.1000E+00 0.8632E-03 0.5351E-03 0.3296E-03 0.2020E-03 0.1233E-03 0.7506E-04 
 0.1585E+00 0.9712E-03 0.5997E-03 0.3683E-03 0.2252E-03 0.1372E-03 0.8337E-04 
 0.2512E+00 0.1056E-02 0.6498E-03 0.3979E-03 0.2427E-03 0.1477E-03 0.8961E-04 
 0.3981E+00 0.1094E-02 0.6712E-03 0.4101E-03 0.2498E-03 0.1517E-03 0.9186E-04 
 0.6310E+00 0.1075E-02 0.6579E-03 0.4010E-03 0.2438E-03 0.1478E-03 0.8938E-04 
 0.9800E+00 0.1081E-02 0.6586E-03 0.4005E-03 0.2429E-03 0.1470E-03 0.8877E-04 
 0.1000E+11 0.2154E+11 0.4642E+11 0.1000E+12 0.2154E+12 0.4642E+12 
 0.1000E-03 0.3812E-05 0.2421E-05 0.1524E-05 0.9513E-06 0.5895E-06 0.3631E-06 
 0.1585E-03 0.4605E-05 0.2909E-05 0.1822E-05 0.1132E-05 0.6990E-06 0.4291E-06 
 0.2512E-03 0.5545E-05 0.3485E-05 0.2173E-05 0.1344E-05 0.8272E-06 0.5065E-06 
 0.3981E-03 0.6657E-05 0.4163E-05 0.2583E-05 0.1593E-05 0.9771E-06 0.5969E-06 
 0.6310E-03 0.7966E-05 0.4958E-05 0.3065E-05 0.1883E-05 0.1152E-05 0.7027E-06 
 0.1000E-02 0.9506E-05 0.5890E-05 0.3628E-05 0.2223E-05 0.1357E-05 0.8259E-06 
 0.1585E-02 0.1131E-04 0.6981E-05 0.4286E-05 0.2620E-05 0.1597E-05 0.9699E-06 
 0.2512E-02 0.1341E-04 0.8253E-05 0.5054E-05 0.3084E-05 0.1875E-05 0.1137E-05 
 0.3981E-02 0.1587E-04 0.9736E-05 0.5948E-05 0.3622E-05 0.2199E-05 0.1332E-05 
 0.6310E-02 0.1873E-04 0.1146E-04 0.6987E-05 0.4247E-05 0.2575E-05 0.1556E-05 
 0.1000E-01 0.2204E-04 0.1346E-04 0.8188E-05 0.4970E-05 0.3007E-05 0.1815E-05 
 0.1585E-01 0.2584E-04 0.1574E-04 0.9566E-05 0.5793E-05 0.3500E-05 0.2112E-05 
 0.2512E-01 0.3017E-04 0.1835E-04 0.1113E-04 0.6719E-05 0.4061E-05 0.2450E-05 
 0.3981E-01 0.3499E-04 0.2125E-04 0.1286E-04 0.7769E-05 0.4683E-05 0.2825E-05 
 0.6310E-01 0.4021E-04 0.2437E-04 0.1473E-04 0.8888E-05 0.5359E-05 0.3229E-05 
 0.1000E+00 0.4555E-04 0.2757E-04 0.1664E-04 0.1004E-04 0.6047E-05 0.3645E-05 
 0.1585E+00 0.5052E-04 0.3051E-04 0.1841E-04 0.1110E-04 0.6692E-05 0.4031E-05 
 0.2512E+00 0.5421E-04 0.3272E-04 0.1972E-04 0.1189E-04 0.7164E-05 0.4318E-05 
 0.3981E+00 0.5537E-04 0.3347E-04 0.2018E-04 0.1216E-04 0.7323E-05 0.4416E-05 
 0.6310E+00 0.5395E-04 0.3253E-04 0.1961E-04 0.1181E-04 0.7115E-05 0.4290E-05 
 0.9800E+00 0.5354E-04 0.3229E-04 0.1945E-04 0.1172E-04 0.7062E-05 0.4255E-05 
 0.1000E+13 
 0.1000E-03 0.2225E-06 
 0.1585E-03 0.2624E-06 
 0.2512E-03 0.3090E-06 
 0.3981E-03 0.3635E-06 
 0.6310E-03 0.4271E-06 
 0.1000E-02 0.5013E-06 
 0.1585E-02 0.5877E-06 
 0.2512E-02 0.6880E-06 
 0.3981E-02 0.8041E-06 
 0.6310E-02 0.9386E-06 
 0.1000E-01 0.1094E-05 
 0.1585E-01 0.1274E-05 
 0.2512E-01 0.1475E-05 
 0.3981E-01 0.1703E-05 
 0.6310E-01 0.1947E-05 
 0.1000E+00 0.2196E-05 
 0.1585E+00 0.2429E-05 
 0.2512E+00 0.2602E-05 
 0.3981E+00 0.2660E-05 
 0.6310E+00 0.2583E-05 
 0.9800E+00 0.2564E-05 
